13.218751976637357
90.64477243774527
77.68579415499067
50.423001493964335
60.125779853686986
54.31314369475621
33.37880813862456
54.89600521116752
144.47008695036624
74.88763529749764
164.53734839963735
144.68563155970816
122.10253763683252
74.0868035312755
47.36737112239376
116.97307111504507
104.35554701240042
78.09139273883522
127.10949747191094
77.12161291012066
153.98605561802486
60.51140170637141
136.74023526496316
116.94066792108589
109.56813019741462
122.33553415970937
119.8535025860611
39.91560856433276
112.01105894759073
51.85989483207189
55.33749677797102
73.17179160602667
83.15229817038193
126.75375296497371
73.62530259899773
111.83776938493483
110.79535718816946
79.43504686326246
76.86250417419802
83.11513994886354
84.54747199864677
99.25910875563257
121.12939772935516
63.00347202423957
121.61769052779954
37.79915363760058
46.944146941413294
116.65087277743558
109.8066436436543
74.99019991908675
123.92259870028715
112.30525755379946
54.90271461898564
91.75703175991273
134.65588357936952
86.69069260950997
130.93569163194803
94.76749897253082
74.92164318695454
134.09809549437853
66.38506718292402
61.025363574317275
51.41849856787117
102.62809626057198
31.6956367295452
71.934061385865
43.2217854554541
114.45748189125679
66.00528081491069
100.48713482895786
95.99497955539812
33.86786733220543
119.7373370393779
74.73528067998302
66.97805609445858
114.16857087990455
77.4438174534121
85.46526236001706
149.97314039236937
109.39060030786551
128.12905438193837
99.88922934016628
102.89302834072951
58.74183352488191
113.92627142867171
87.19596223580962
96.13496713423915
62.93601819890931
132.81359329985656
84.51032632187301
61.99087301104605
93.80440492937349
114.65638467214761
47.68430152370831
100.64991423207991
142.77226445421127
53.22064544471304
88.6469262187998
153.80209313166213
99.61984918122768
89.60033697156163
69.91056088507649
60.21452866892816
137.20150273931748
118.51460596989871
32.72397982236675
79.56408871599713
144.45229553507176
43.75965188725866
39.95207998188968
66.72494596357025
29.63963958462927
122.74765123248669
125.90272177668726
86.34482403699393
92.8970867877556
122.67412355823564
52.17140624066222
30.061288180132276
80.78710988839431
128.98020789371589
78.64084644688583
135.74085982990675
86.08595217439152
89.03433295607896
120.02734737221577
101.1305543206917
58.48287290629489
99.8963959582049
121.32474225845829
102.31983302426949
39.42661005553736
124.30270522725374
133.92824649531136
34.89713495665705
141.18410723194023
71.11057698340602
83.68952256142602
67.85653305720447
89.82007579824648
123.44580144460195
127.72062172301318
71.42686278189439
100.08487418619949
37.758331643080325
56.83096403986454
46.54694732447327
100.40513893446413
55.419063776517994
75.01888416560699
127.80211911300486
66.64753872984704
70.18573184877408
110.77833492645584
62.38937913803405
107.41738192817152
102.96330258572887
63.150242159110725
109.05317893603932
102.48893945352621
90.22250961608398
122.0921303301467
104.78705506359789
106.44076553824732
36.821305012726995
99.25178208271527
28.633101974907333
51.1627052786895
58.9158414757525
123.1409408550848
97.47449543707403
129.64303680199896
80.78067221119541
81.77529310760056
95.25100931062656
114.37523148421602
125.3656941153738
81.79119570943851
36.04716916066424
61.257791084944174
114.70095259355782
67.11912076355398
91.77613303919654
53.30313819099705
100.02470793028805
108.58293913281591
39.094476220514736
75.44763278237639
102.69336207932919
73.64753503198753
86.63591372668637
121.09517972326243
96.87862577869066
68.19013636860535
107.90720682850386
126.60176957035404
83.22668437740084
138.90705635168626
95.01844918044637
93.88626590354926
92.57517988156418
55.15578349678645
95.90379887821794
122.7537851947258
129.74682858980833
71.34677662438048
72.54854678104596
30.497909441556995
142.58853180869016
63.76521657826626
132.43260543649163
84.94301183129079
124.18335371104128
106.62603326048698
126.9222371777006
124.70786502071638
148.8403470083498
100.25159212723152
20.803956299119275
47.41545163372407
60.901525721756755
88.52738268348611
34.39005107643131
115.42328143516986
105.05669992460591
39.19742418976718
160.0251536215459
111.00576194568235
66.64985090061593
18.557487563511696
103.15137820801652
68.74151741150735
58.16936245966053
100.10734872052596
50.65262807309021
42.4465678051658
59.105524443873136
77.35827534559472
90.97862587938639
109.38448519335466
52.04401559231264
130.83599799634968
66.9780923185233
136.4439147442688
98.24481727416683
125.34528972167159
116.04268824884052
137.05100615553536
105.85436438568325
83.17539414934954
126.64937104056854
75.85633678033957
38.940722211624845
139.82721138938476
37.89448055203282
134.6597292137997
84.92817458089398
125.20917628535145
117.24408644315716
83.08413934950971
79.01484016170353
103.78539285016767
100.23880153846798
87.04849785227104
73.81375468614371
128.06203281322732
61.877932939749414
54.33306031982559
131.4693970179783
139.49978188686308
82.2537021605468
68.91337660462511
16.948049651077596
76.96638172125796
56.4457738284825
64.30623502972918
86.9300795961497
98.48501556024702
91.83233699381104
111.86141964008588
53.595690994763864
75.10673264364276
88.47234447186091
63.13568472256628
129.62178218209283
88.15792186511783
55.25691466196662
105.60995990086592
93.85205495292972
131.05089320730627
123.29199444944966
88.78369497415551
104.94814484952583
144.760397130547
69.85114238056893
118.95677558915443
59.82394216522996
103.18343420176163
59.888628525790566
106.71126806458636
63.253590976090244
98.57563180693059
74.46464326773261
39.57907864918163
79.59556267199245
100.04251471585329
71.51992379431086
116.55178845158555
65.42202161928473
122.69532208661104
111.86141964008588
100.00074114879152
57.50610807323161
69.56116849998314
43.72226709413154
109.30341053056834
118.68140128862878
97.13772024340487
100.22923671967654
137.6073169124589
131.43095605564747
134.95587748319298
96.83666546597874
78.6391596417457
62.25525530383222
91.90132885299887
56.93008866719708
86.33392729827122
103.64166862177115
82.37383384998557
111.78706624860025
101.7131227328074
115.61288058051937
56.38072233148242
58.72732285650588
116.0271667706835
355.83661983790785
154.77012020480132
42.252088659358556
57.5110753253135
89.32257980398224
84.7537794627805
88.74504068602478
113.27160708104584
119.72971313745651
21.635600945671154
89.21495053094958
35.450048528971635
81.18266997555591
59.45823756760612
132.287182718426
136.00970284952456
59.277945505777865
121.58459547364491
102.00085012708415
77.4894188918253
57.200677735939166
128.1065401324324
115.46928714238896
77.20878829899762
114.01956124049269
48.75739337011658
77.0568523324212
126.03137087749279
86.07712026756464
16.907134244034104
144.3867611340525
62.90759206784241
81.21280420381365
85.96746264730237
118.60435669450963
99.5724023331085
47.46697921725814
127.3475070249961
77.16788031377824
131.92418183507442
113.79655381767857
59.66165711283467
69.1171481798484
43.816269290091995
149.6976882650452
56.30067430015406
113.73461671745679
57.240481882309304
53.09504071906058
85.89885732860171
143.60864439136571
103.37101260572791
69.64048597802562
133.41103609487223
50.264844756357874
52.99818845310129
119.2962886205552
124.49398981793735
44.96063955713399
138.61466912149285
115.53399341584714
98.47028513677046
71.33889229183058
39.731270464523554
134.69027034961138
83.79785437165874
63.75714647255021
90.41780658260546
66.58125730263598
35.396938703657696
76.30844918849161
45.16215070074794
61.40049723996085
122.87924832057048
125.33317274344394
54.71248892668588
102.59504079560442
89.15698232214929
54.79928935222955
24.755234360475946
47.398872862407295
133.19075009763077
69.32267310245997
112.08077431137308
102.59477075528382
81.96946939674973
53.89535543204066
78.17263877711592
106.18886257156043
80.46788439983803
91.42080758275287
68.81144351927921
94.52526806948981
83.65101937235514
126.43118792568362
112.25747898377288
91.26011892115767
95.52567639674788
91.23810335698707
124.59645362657592
37.050061300946155
135.49186968620208
32.57393427063288
21.00185538317649
94.34744036237848
111.61472437601417
81.75181273635997
74.33924351124085
112.4419788266226
79.3192114643833
77.12450457676701
100.35177058197988
100.4169972349095
62.40569884276049
130.92237205937727
98.12784535745278
85.6472227745384
40.569549367860795
119.1309325991569
82.66371255000988
76.40684582736911
109.3685857162206
111.90880277539698
49.51413950151087
138.30061486899024
112.04846700634812
111.2739139250511
76.48788915003152
136.65944293397206
109.74710483029288
76.38987973556554
57.23547848749937
116.41211339179108
71.29385969913639
49.51749072567991
104.06531994041693
62.483822804309796
97.88757913942997
128.11359641846835
91.67087453998745
113.52333521666135
110.175301636383
111.86141964008588
112.96341160704051
99.58960616265173
23.263097542649053
70.15609304173971
72.41076230650555
69.98889440310734
132.27455911475246
55.11301795130194
143.58202998406463
118.01147972220329
139.90055145145118
75.8083593654868
112.4714644452003
127.9194318232409
134.88691523751936
59.02881583644178
129.28561127253482
77.96858032878768
111.42785187240334
108.5180414368358
114.07317297664063
144.42488685274705
77.74357283813094
129.04096453881778
75.18557629807407
95.38845957665403
120.54141830321522
125.16260428419292
58.89101640853113
128.19112461088974
101.20611635677767
88.40105773722516
113.35156867172839
82.83430654815207
97.68436641553883
144.15030764819713
99.72478764865383
61.81545554639937
128.22298921250956
118.62601102596803
61.53471138112783
91.56479433555602
160.31622891973495
62.237252749582154
118.22532451259606
110.59154559313001
95.45478392407607
122.87245148019691
102.56686006081068
93.98797411766999
113.60538732155882
111.86141964008588
66.42295931908352
117.62845566182109
142.16595863936857
112.428894172001
80.36318823150762
40.540489816336255
135.11418354119053
63.148935223643186
91.8573846564389
94.89754186264291
60.538131175898926
134.02564198720586
117.32385237232447
86.91108832801359
81.12850301712852
81.12850301712854
138.05159640971783
78.08742017604811
105.66247554360396
73.24477006093694
78.45435258055147
134.74688046676567
113.65686968822463
85.25988781446763
41.05077603177137
47.71194878810213
139.87928651909854
97.06204804868953
90.59399612038
41.536823255883945
68.12893829275296
99.96423805573743
123.36108502756449
130.64002918115474
122.90911897168259
122.96279345580514
136.33567668940694
111.30093102392021
47.22226236993914
66.35956008954462
45.6209731201716
120.08477491342762
107.30336771904311
81.80480747573031
83.1847047403453
91.8116249349796
56.79666846354271
50.72600961429902
108.05532163466353
49.54685371291026
69.44198408544462
98.54984400055854
111.8168244257215
137.06872814153348
78.04193330554017
104.3519930748634
55.19605927711536
81.3595109334635
66.7185384244026
105.34518611767152
106.70177780512745
109.08433474411345
124.12146935277744
44.058737279293105
125.03602430699576
101.95489321477956
132.32669713365595
68.6897226533892
84.07879307243033
112.98492655182379
111.68009944840585
105.46669150253427
114.64174468729851
81.55383149562552
52.10721969617874
83.40897455433351
90.66765127666866
119.77013265837809
78.71202726603488
129.64959300579
42.70371580922988
123.76912556088024
31.44727116027503
87.25684690277826
104.19276397635166
57.77287113865008
142.14385938554707
119.90343070816587
40.67663872528875
137.84032054648972
50.31177123815118
76.17769392147179
46.369965751862004
106.34933113920178
137.0217972090351
79.48097136872939
90.79722415154198
136.07800134292378
70.46093052359164
70.79505693077724
135.87516946233478
50.51248766467468
88.89364099217984
91.13620834068084
106.52194829670111
123.19849477822856
103.62958272055614
135.70172368368281
61.96281231459135
132.77099199671977
125.32772324265477
72.44564596911641
58.12536301294032
86.1716477977943
82.50225409021776
102.8191031171653
52.19482051219863
126.23966748086086
118.98250464307418
57.155686174890974
70.87226660895209
157.88882171435392
93.38879047879344
119.14361057113148
146.7989684707803
76.87613280762884
116.35014960012134
61.67927587531101
89.88767382457502
105.91619628849756
67.9243058695086
161.0473038526174
40.80285408080375
114.74243665085598
97.6879302196447
35.99574724532516
90.60771210778391
21.19825409969534
119.27835708663376
67.91375931159581
18.557487563511696
99.2041506942788
125.85000789485284
155.96934254949198
53.93131936967934
89.29501955078338
105.59841475984585
87.98667816705097
42.60868137952264
85.24339150499063
89.11979710682397
39.58582907879288
127.75480988494259
47.68070078383447
131.5730786211455
116.26059035483915
107.98939637824685
115.28781851137128
116.81518946217699
76.05213400865921
86.65179293148935
87.61335659538044
39.09684950677678
126.05768497685852
53.874481067811466
61.252091103018
101.62416295478234
45.44993784062623
44.714877086231894
75.52369164318536
73.77482164001977
111.86141964008588
134.2827559613997
128.96884944008977
31.561648637637575
131.7632433082954
129.9562711951008
74.98802880946269
123.31706213919396
142.97912594628966
86.67714344380406
80.56808897797023
126.84202843069801
122.67614352167989
90.92112938521826
199.15521668667557
123.25194805246541
118.3075983154754
138.54570666967413
98.37391033842152
60.75273566929307
128.950511850071
147.24308720840725
111.86141964008588
135.6064687491667
62.20425460450206
92.75940169650347
95.65560101795651
82.7165493967243
120.89038096263302
39.24683243001286
97.66834239654435
107.3022777313769
82.30403469881678
100.02786554954339
105.35209074547674
116.42496057466066
79.90990615276968
119.24570807784076
51.688898469138486
97.87381899691964
46.02657307239621
132.96937661647183
106.43099382386137
100.29462300178915
148.63571870592796
84.83264766824064
117.43459676501641
111.32691580263281
142.58270173480597
121.71090102506435
117.47865615725694
96.47543431369685
104.18131307627395
82.1953781494468
101.64108756810288
116.31511073557678
61.94573190082321
73.28333571949645
104.58975138932725
139.8858556594351
103.78297230703858
82.45532266455817
130.55268737040268
127.20723487377923
121.76621827465206
140.26491224834936
127.08269530418497
119.10324085839578
55.071815036303626
105.88915438380306
122.477504607809
69.21536374272752
135.38286245383551
45.31624958186497
60.076039152091994
127.99547934816474
98.73116754663445
103.95301572744657
89.05998822797264
98.06389601894244
104.33246788764278
91.9274819693773
130.41618180530486
128.6601146301716
101.05924676671276
70.24046435195089
71.209556754141
87.98440535456194
107.24720771619405
48.01512540669114
55.090616135464856
120.51496432171294
111.93238492265607
68.91768900884999
67.37202840296844
132.12277091169278
125.54314215857723
78.1004983838535
59.671594704340215
114.11143403698993
108.10257498574667
46.50637234296498
54.721838744590045
106.78976612970034
66.64231984185712
134.93365036474694
33.45532244819597
110.4000818240118
72.19366313103654
100.27413973376773
92.19934933352125
117.80197361456584
93.30950694584338
71.18401812444978
31.450014646220787
101.83341614927798
74.01040478716774
110.89460317217349
45.32403731912759
60.41883934580518
79.3112589863845
59.166574329326366
51.25842972847845
168.334293729491
116.5626436375914
61.21189031167958
120.2562255621666
107.58950636320264
111.70070203377517
50.8306940721498
61.54771661296807
74.53029234941067
80.45349539226865
43.732941603103455
104.01516975688845
61.44046356212208
59.60416145926997
32.817693414977214
96.96956481156657
94.6597664607753
61.779359333868
56.36119578426359
98.02756233184674
32.860253029396006
147.0349920259413
135.5939568135762
100.65557822804482
94.45356145771402
53.91902086963752
122.0603030092438
55.053682643349525
49.10696352899908
102.3789059303843
10.635226505158451
67.74397642572087
111.01729997858638
106.45621495494896
75.11091734337614
111.12483862400703
59.54843914544804
127.73365379560164
126.46363488340162
90.11381954375025
60.50039803876227
18.557487563511696
71.56529826956368
125.24522276242928
45.01256716806676
87.48716394469136
125.68768277934208
111.71320366514534
72.18629923588216
89.48337212646285
66.09308296380236
56.91333311106186
100.77257744824794
80.01396777890841
105.26363930412353
65.35025332379082
61.72944735824451
164.8378857989561
55.58688921914414
83.2230840819666
114.13769852916269
17.171193202391805
53.290223091753546
94.19423162335265
56.21255402355093
58.123780182018756
78.7778748353661
67.27063646001238
95.15268126574564
74.89874181050212
13.048099226883721
126.87338437555267
111.86141964008588
61.36962411510762
114.33033493603786
49.91405496890824
18.55143490945966
140.18313363331313
71.69610158539395
120.49810788867813
95.66024692724366
78.204982658963
64.78547928791451
85.53781813874984
104.12282410622558
76.46753901751332
87.44081292984117
109.30620969283004
125.6853900102257
84.29643953755561
70.52174150187182
58.60190547353955
37.592010427632815
42.483831033804066
142.8257073923829
71.58940487383357
134.9358542864988
118.39087843976479
127.246909209353
107.84662814882394
82.58913067689348
127.42422574541169
65.91962032924387
124.45537676515457
91.15139056663624
113.9439830528878
116.80798081986339
52.276132037161965
100.78915588390542
86.53434964475
39.33959867854773
92.82020823458947
54.196382278743066
102.18146019178972
110.20120934492573
104.01253123243279
63.28856615594227
118.40147857671505
161.40352854080945
104.3696160839946
84.27282488312314
80.06207344664642
82.90727254699127
90.21573150478987
126.77011595982049
44.56524658605673
129.89435294158872
52.8948805703362
129.2240361609104
43.1584013517974
123.01778865784709
88.31052629076555
104.72503732282115
34.625508356402094
42.17189554980864
135.1514608291871
106.06241051367238
115.47387019051129
52.50454146513802
60.21134338597365
80.89790849459649
88.76999771323825
141.28799967677494
154.2277117909374
81.9208145653145
95.39156587512217
66.81058385124504
127.12858232811813
68.148034644882
130.74463393051957
75.21080123744785
52.57491159303488
57.637317679438695
105.72286608694849
86.3362483488661
12.240322876764415
64.55871856267498
77.73023302288051
82.67233304171583
88.95537345708159
117.66979162352396
65.71367755746499
149.8049960468583
37.18122654890196
35.39120802894871
46.7493951994707
57.77746786508354
68.71230564784346
74.11212320974718
83.84614923563767
99.06140440231827
97.84903056148588
87.23924268320347
120.60732829622862
52.52020585790394
69.16249003750016
43.417190689295495
88.2827897033074
70.03600209181779
33.69316215233111
35.39120802894871
186.07292284498635
49.02166301641307
60.07444281817078
81.81465635456192
58.64234727936999
34.72999389549177
111.86141964008588
77.5809728605682
102.51735679985923
68.81442955711721
45.7104142308682
97.69308154729228
75.79955114088243
105.00779268445078
51.72196647467682
133.01424947254733
78.22384590648896
41.295564049243936
96.34903385849479
49.90410042308307
134.7242594357789
58.473427148766426
64.1952351271454
76.76155520428628
40.328993188069404
70.82305652261535
115.8465575841409
52.69207905464904
98.41739524017007
142.27725879139123
113.01978305342959
123.93173702873312
95.0549175896021
45.167420789667574
54.773585462920956
83.6795180929704
145.0460598257126
80.94575551000956
71.69158926584615
123.11924933921391
39.68719714046958
92.45003146081953
64.87703271430792
33.46814983824494
111.10113472203528
57.27440740721286
107.26234508164193
35.50749136605915
92.8476987517058
38.786979519349636
65.72801379168077
100.7088260532251
43.346730264487235
121.11992198609785
55.138587087787485
50.0718050917328
102.16016612214403
99.78741509348691
77.48874547326673
72.60873184694539
66.11322970937364
67.45777726612155
46.60256408453158
97.57697337870867
129.87523407260915
89.36894886292221
55.16164155441095
114.52064766222406
50.216859549326145
56.39398560708659
48.08280346123636
50.70222647598283
47.60740585888117
65.62277564814272
75.18078103614083
119.42022984899496
42.732798147384386
42.52317017899785
68.29365583879343
25.819183772726614
69.38588544112498
50.671478012992154
87.5013980501322
130.81692273059826
114.33398608101731
68.34836817033636
116.15753499340347
58.15446980942481
98.63424664946328
115.33639515676076
121.99197566653267
134.9811197781002
116.33175929297796
69.92405743629384
45.62708311881319
37.41507971947374
118.08628050576495
101.28476859152374
111.44525414005128
60.932913405753574
108.9373394374739
84.5193101452154
118.28888400775324
73.76307738091636
61.56463667698281
131.38675369247346
98.95815086542558
75.8907022456547
62.850061193755906
43.109705989547535
55.21720651880443
96.08087391697102
110.67369369493437
72.797665204228
76.16724304652436
141.32973815214655
31.71908112630911
77.71459896501136
54.3075140954874
119.75207789762105
55.58343756999934
142.40489979402136
126.62339541466083
134.69406369517858
53.4695595135245
88.1897794019984
53.07518558411492
69.8032031162771
65.38098283586334
81.15458670616141
75.92302586563635
42.5135510749749
74.08009168568778
43.51363333710996
66.30989214671371
62.57892437619196
130.44882050417414
104.13655057147861
111.2804210504285
151.55491649715927
38.24717836012754
98.48914492287061
123.39846898330774
57.84430182697142
85.800293196473
99.26237889654693
100.60356983508947
64.11631518336736
97.96594634991517
76.68572259223029
69.08717599350017
117.05615479677449
111.86141964008588
144.663238035498
42.39867017209827
85.34050598680373
29.793211728137237
62.385557360120096
25.06664829700542
47.01524208339106
53.41125311429086
45.22949453050117
119.89704569370602
50.15778515383084
120.8146914595683
139.4571083154244
81.89333242285197
63.93730297823004
22.59448617729421
38.28433776247499
120.93198668733794
86.53772682747974
70.3496320883541
129.27675331091967
118.41062751028555
81.19542066744958
68.94742520215743
139.210669863599
48.763431167767266
106.39340730694339
66.24488252623122
82.15278333366571
43.57434889018671
55.43647955200878
116.55201951611791
120.19925424896013
43.01329589321618
41.986681856342074
96.06233424659781
106.82048220562706
39.9643500744815
69.77818240219885
45.530530544063
126.12141500309515
105.9093789792084
107.46005751364015
89.64746235730381
60.18630599325124
69.55783776758288
110.13502737296177
83.08250877212066
71.86851362196862
40.67957424484685
88.2157714868023
58.09381558628479
74.4064734885933
62.24841712171509
44.12386439271143
59.100058546051784
61.64216678219843
108.72857470469742
64.30410767549655
119.28995655421843
48.71223507426274
84.28740742139064
92.67002038467972
115.72096430611629
70.53542396669427
109.13377953774432
73.70838288308774
57.087132787646546
91.8989424034626
132.4327375562737
94.92325384013452
109.12453512317725
100.80096098607245
104.57458568901525
70.60490703653873
109.13423780926564
97.50723699510436
120.19925424896013
72.82775276725616
81.1852368688118
63.11780112327782
67.24442132891572
132.81013882151245
114.03140960134468
95.27306725158476
115.55431393500926
107.20070121742292
116.53328956753269
36.1516071317208
114.03140960134468
116.60172280295005
114.03140960134468
55.67951252538834
82.82985247770559
131.56520376963348
101.76078896243715
74.66520878039674
109.41984849828144
16.47804602183186
126.71780240848163
75.79883140967387
59.44028654076335
120.19925424896013
45.86150394211825
111.4199680742386
93.3334541285545
62.58747882810097
70.34896705889284
106.14083795210439
131.56297549193323
78.3837101731022
70.51191175348242
126.34588072431717
70.8548795557946
144.007128076735
48.45576130770401
94.01622411835197
79.41229438832025
177.5093519547952
83.40858505689388
120.19925424896013
120.19925424896013
107.7513296992443
113.23555966462197
69.59500786668114
123.26471660118959
76.04859245003212
88.53694352455425
131.56294752964067
118.26947661510633
111.82761405920935
110.2179640190766
110.31596362567434
72.52736767466112
74.0608212738939
99.52376532662859
111.98287862528711
34.48136235381776
130.33885972618003
114.20340176804024
84.22526767905688
128.61381806476828
53.32215681373244
24.50194343956252
114.33378034860252
59.42667516935667
73.8178718712521
125.31364913394283
80.24152608266814
123.10657292673179
59.42667516935667
74.10055958161374
73.81787187125208
127.00401504079919
55.36919252265191
56.790284006465846
82.33563756324456
81.4995785049633
37.39899358172212
130.5330560541321
134.79094578954664
72.0313688730996
148.36122678404368
115.8710145099363
158.63595294809
79.20144500052643
111.85539519506453
122.96827174132494
74.60334069567354
60.82864265998974
60.8092777232675
91.57009496590138
66.1657464907086
64.27737090336275
110.70479934406518
86.42393242314438
27.193675908789878
24.438383930924367
54.27110469697894
80.67059358296396
56.66534930013069
119.99111696698196
82.76443211749282
106.21641893129814
56.64680473177941
121.91264485505135
98.65909353047512
138.70098277923776
61.78431029841663
57.76521255243631
113.82268629747001
56.40811433948123
137.02003437820812
53.113900877430154
73.57799745295982
66.25618211937162
66.8785844187177
94.07663680984331
68.82796761843699
73.57799745295982
60.49644659783594
111.86141964008588
49.58347321307448
113.41722118936185
41.67217675158238
100.19088491184021
72.25354272811936
51.57802592566342
86.13072865099926
27.2417443118309
59.55602672244399
97.47903437307791
135.69271805463123
52.74657193410623
108.94444510014687
63.11748857710048
65.63580890238117
98.72314260349084
74.99062581959157
127.23323419486536
84.03210507888376
68.43687095964385
64.55356723875259
93.15756203629844
117.67772738425371
98.46694291647039
70.95918466399615
59.54677010370324
135.40401391708843
117.67772738425371
60.379655944910546
38.99048949078587
138.90465169155226
54.14638375062688
86.94545292786603
69.48795289232538
91.43615964026628
104.59617652912983
136.3572692591271
95.22991155873243
49.80611554265023
92.08954037984665
82.26783520035727
67.33682517454316
118.31278226343053
49.81891147089007
105.65860112864883
121.91264485505135
33.773805641038045
111.86141964008588
46.44479862437367
113.90988188814774
69.76593986318781
38.45065656988253
87.78299177529347
71.29498401801007
135.7033759890623
115.13185744784538
67.1847020942141
53.58860706202382
108.28810189911272
57.569182956120784
92.45003146081953
52.56167755503346
64.87703271430792
33.46814983824494
114.48352408890892
111.10113472203528
57.27440740721286
107.26234508164193
35.50749136605915
92.8476987517058
38.786979519349636
65.72801379168077
100.7088260532251
43.346730264487235
121.11992198609785
55.138587087787485
50.0718050917328
102.16016612214403
99.78741509348691
77.48874547326673
72.60873184694539
66.11322970937364
67.45777726612155
46.60256408453158
97.57697337870867
129.87523407260915
89.36894886292221
55.16164155441095
114.52064766222406
50.216859549326145
56.39398560708659
48.08280346123636
50.70222647598283
47.60740585888117
65.62277564814272
75.18078103614083
119.42022984899496
42.732798147384386
42.52317017899785
68.29365583879343
25.819183772726614
69.38588544112498
50.671478012992154
87.5013980501322
130.81692273059826
114.33398608101731
68.34836817033636
116.15753499340347
58.15446980942481
98.63424664946328
115.33639515676076
121.99197566653267
134.9811197781002
116.33175929297796
69.92405743629384
45.62708311881319
37.41507971947374
118.08628050576495
101.28476859152374
111.44525414005128
60.932913405753574
108.9373394374739
84.5193101452154
118.28888400775324
73.76307738091636
61.56463667698281
131.38675369247346
98.95815086542558
62.850061193755906
43.109705989547535
55.21720651880443
96.08087391697102
72.797665204228
76.16724304652436
141.32973815214655
31.71908112630911
77.71459896501136
54.3075140954874
119.75207789762105
55.58343756999934
126.62339541466083
53.4695595135245
65.38098283586334
75.92302586563635
42.5135510749749
43.51363333710996
62.57892437619196
130.44882050417414
151.55491649715927
57.84430182697142
97.96594634991517
69.08717599350017
117.05615479677449
111.86141964008588
42.39867017209827
62.385557360120096
25.06664829700542
47.01524208339106
53.41125311429086
45.22949453050117
119.89704569370602
50.15778515383084
120.8146914595683
139.4571083154244
81.89333242285197
63.93730297823004
22.59448617729421
38.28433776247499
120.93198668733794
86.53772682747974
70.3496320883541
68.94742520215743
48.763431167767266
106.39340730694339
66.24488252623122
82.15278333366571
43.57434889018671
55.43647955200878
116.55201951611791
43.01329589321618
41.986681856342074
96.06233424659781
106.82048220562706
39.9643500744815
69.77818240219885
45.530530544063
126.12141500309515
105.9093789792084
107.46005751364015
60.18630599325124
110.13502737296177
83.08250877212066
88.2157714868023
74.4064734885933
62.24841712171509
44.12386439271143
59.100058546051784
61.64216678219843
108.72857470469742
64.30410767549655
119.28995655421843
48.71223507426274
84.28740742139064
115.72096430611629
70.53542396669427
109.13377953774432
73.70838288308774
57.087132787646546
91.8989424034626
94.92325384013452
104.57458568901525
70.60490703653873
109.13423780926564
97.50723699510436
72.82775276725616
67.24442132891572
132.81013882151245
95.27306725158476
115.55431393500926
107.20070121742292
116.53328956753269
36.1516071317208
116.60172280295005
55.67951252538834
82.82985247770559
131.56520376963348
74.66520878039674
109.41984849828144
16.47804602183186
126.71780240848163
75.79883140967387
59.44028654076335
45.86150394211825
111.4199680742386
93.3334541285545
62.58747882810097
106.14083795210439
70.51191175348242
126.34588072431717
70.8548795557946
48.45576130770401
79.41229438832025
177.5093519547952
83.40858505689388
113.23555966462197
69.59500786668114
76.04859245003212
88.53694352455425
131.56294752964067
111.82761405920935
110.2179640190766
72.52736767466112
74.0608212738939
99.52376532662859
111.98287862528711
34.48136235381776
114.20340176804024
53.32215681373244
114.33378034860252
59.42667516935667
73.8178718712521
125.31364913394283
80.24152608266814
123.10657292673179
59.42667516935667
73.81787187125208
55.36919252265191
56.790284006465846
81.4995785049633
37.39899358172212
72.0313688730996
115.8710145099363
79.20144500052643
111.85539519506453
122.96827174132494
60.8092777232675
91.57009496590138
66.1657464907086
64.27737090336275
86.42393242314438
24.438383930924367
54.27110469697894
80.67059358296396
82.76443211749282
106.21641893129814
56.64680473177941
61.78431029841663
113.82268629747001
53.113900877430154
66.25618211937162
94.07663680984331
68.82796761843699
113.41722118936185
41.67217675158238
100.19088491184021
72.25354272811936
51.57802592566342
27.2417443118309
59.55602672244399
97.47903437307791
52.74657193410623
108.94444510014687
65.63580890238117
98.72314260349084
74.99062581959157
127.23323419486536
84.03210507888376
68.43687095964385
64.55356723875259
93.15756203629844
98.46694291647039
70.95918466399615
59.54677010370324
135.40401391708843
60.379655944910546
38.99048949078587
138.90465169155226
54.14638375062688
91.43615964026628
95.22991155873243
49.80611554265023
67.33682517454316
118.31278226343053
105.65860112864883
33.773805641038045
46.44479862437367
113.90988188814774
69.76593986318781
71.29498401801007
135.7033759890623
115.13185744784538
67.1847020942141
53.58860706202382
55.59635841188731
28.382422265784523
57.328016449364966
77.28720411265212
74.99253072650261
52.06185508392809
47.47261447281337
76.73774242984857
112.01533087183608
40.87111605964622
47.59380492679318
44.226736936190434
45.41441463061188
94.25114720533732
51.14059166897958
54.07721395545212
84.87557236440603
103.3225983455614
83.4568568024942
106.62477674722098
122.364768404702
160.13553575335203
121.41986082769819
39.30304349977721
66.43406898806253
95.77836555861569
97.22086663214023
99.0930009922903
107.30425405075621
132.63197378968226
89.55019245836976
68.96909397001416
130.656777108976
98.253013162815
50.78496173939421
98.9561879930139
76.89577446541963
110.46275476203311
127.62510551921815
116.14064421500638
88.62429459705587
61.784488759165995
132.4706428087061
48.19879687636326
54.7303520885193
119.92167774059156
87.98118205707873
45.0142922256117
77.19888820347467
90.02349791041364
125.29677389550197
53.610790296011736
43.029523040046776
116.81432113513253
97.8401319123733
101.86084887245008
85.38228538676611
58.60669788683277
17.458875274843585
73.16031466734769
56.1643712012576
65.67973728642497
17.171193202391805
95.45631177592209
29.058497898135954
69.47775867770281
88.44302324053815
110.8504181088211
87.11588068550815
99.78393520436208
100.71689191935002
65.28804883660135
33.34591437470143
126.00412121136925
32.73765070730368
116.86292261111146
60.75328222703078
116.53993266096667
62.06223657500743
104.08873330128603
82.12934941626192
52.499677077130414
126.43267345451224
104.69496017518959
58.68449377148465
134.06895954996284
50.25595309679068
7.641133145268746
100.97663626610006
42.28717202280254
109.82375056635483
104.84812287102349
65.29071929304237
73.0204487773381
123.95582805827185
89.14390888801113
95.1601834111802
121.50241169617092
58.131901844293814
135.7606334837582
57.5142844796073
95.91087576063066
36.36918421297802
116.31493531089262
56.42056024687801
37.999511872010174
144.58312228394786
17.458875274843585
115.73852614846332
118.3156506320103
37.057915410283584
46.362433562927094
83.27694108425777
44.55169309690645
95.39611799670726
112.9796033409107
116.950334087885
52.603471090465554
92.34902898452464
111.16329917759464
59.73321809445286
61.50385580002942
51.918907653597
146.02783492196897
97.73640387464852
68.43186933065746
104.87105985063099
107.04199364989971
97.66555955482049
91.67614134188257
29.625846262496935
60.435503227229006
59.920518746750965
56.704596787404114
72.49927982400175
48.44958861860159
51.484758867612086
107.30642937448948
66.13961566270697
75.62030148941211
65.62033584861088
91.18931319281765
35.99574724532516
102.62132133977053
105.06778186987691
93.29791602178402
104.97304835636736
71.28492428975822
85.07483379123552
71.89553117830584
109.16568640468878
130.91608691022827
120.1209346280077
43.328582725112
125.36755069293893
124.15885544772678
63.490294849530805
81.1884052345481
47.60434623244289
97.64971575166518
84.54322031894105
105.96814222063736
41.51846589730437
137.0825816323497
79.90519316990539
126.14055662347825
56.36119578426359
56.4287404865243
116.85880035542189
72.75905655224076
75.33467565864139
51.58317959115024
148.26104190428413
23.19907996051271
57.46479948011078
31.776239540149053
47.76506599251026
123.12705841103498
89.93147049266426
66.3204442955901
104.79625875912299
111.30678120078198
43.827964431543116
114.57223444245655
90.75160695535605
115.36117912710576
89.28628742991091
122.12023381890673
108.89212008015951
102.09665980184397
67.23161378717634
49.91641826721806
54.107009078910956
133.50537159351208
94.67505383167675
63.17362021915605
31.922508980563492
97.39339928058993
99.25434043880267
87.89934148197332
122.6043247825281
96.32307625697452
31.18763990951299
51.897173993982804
118.34764591774936
77.5482659869987
71.4965430096394
70.0503145159704
116.03685555664597
52.526454600412144
95.07411578333247
29.550027425939586
131.98432209517017
112.49866986510011
83.91607713609311
117.06517074065626
104.55571156105539
100.79785636787418
41.00667517605826
144.45532401124547
98.96262876382919
115.63515342196895
100.44981259010602
126.53312527798158
26.579368789937707
48.00603443498989
21.575327453902048
85.80815448269409
131.1830294884097
51.293983936161055
42.574854095254324
94.09785945164212
122.40652797202753
51.853891785387816
47.14058764829214
57.55696712231306
99.40963105008
97.64056825452434
74.56751592901256
132.37307109127119
94.89256173611
82.58657149843981
86.83151949593505
155.70441184089734
106.93359798653249
93.51975552973953
138.07844084842463
43.34802383824736
54.10754848724183
106.90291580096358
159.51118368996796
35.99574724532516
129.55802254845636
83.98669767405288
59.646056691208365
90.70891192064106
121.03442361821557
90.28155179389351
105.46974584326159
132.57790301210457
93.77388905006032
124.47573769286223
131.2235559826995
61.83307051528688
91.57060150227554
74.51269998923193
115.03917852446854
140.93958466888887
106.48691894208238
65.08032562517032
106.69947994568997
146.21021365975986
61.919738051081765
86.80071317320254
120.1600335168307
66.3972862494936
132.60481447215724
134.55802985694123
86.87036597742042
114.64126344698536
120.08239752001921
109.76744007069718
141.21702437129386
64.00620435651051
71.76349050423771
94.0615711225121
115.17299842689776
151.93358378172064
51.02557310735425
103.32622313349988
51.259736343764466
130.79524900852883
137.22393683429934
41.942288363992105
144.15208700074854
90.81061339519293
82.42480731461458
125.9289844739339
109.56517719507522
103.8392375590619
50.47624372644208
111.62782645143206
104.28990793017883
46.17460570091082
32.14407268698374
95.07626610349833
85.50202062827816
109.86523815163747
75.31906402136235
89.75479697429311
51.1016120435136
98.12767952697735
56.39864335325569
70.38118931947835
81.75659288673974
69.97594938493906
103.55979174039955
63.92895611669593
132.70858623820945
88.82833560196676
56.98835079412184
27.276617404418428
40.50963382043113
74.49381992368455
48.93009366327742
56.779166301077396
59.66137910418375
61.51609768706835
250.252860929905
26.178005115750317
69.55405040604862
105.52949425546845
96.63282727194266
77.99561618126243
86.59507601517201
56.637464203422
43.47217392582982
39.14855326940087
40.466381844182536
54.5576593608688
92.25366478747205
38.57581971283655
88.84103186961771
121.92933135585571
36.37353183354378
72.30724116017238
107.4796710989235
35.54037116726493
50.66813325236879
105.23044581973895
96.75665449866861
56.05129796500273
129.87423065307902
115.32926874717934
56.62718386753641
38.04537899637401
146.32057959940678
125.96656417398495
110.21495504042872
58.473427148766426
86.1350898380917
66.89090965034339
74.43804182816876
77.635745029944
115.67846645497796
128.7254363565872
47.23968107875585
108.65874294551277
83.01396992949611
125.5828501526128
125.59272180727785
50.51792410210514
44.83926501182527
91.7165306304318
108.71389582889566
55.31055008523108
39.654461599872924
99.83027236413537
62.273677779331855
90.7786755046427
95.1725714728795
97.44605626921394
41.002746919641545
44.27960218749274
40.689525395496744
105.34142710757362
58.47342714876642
55.77482270519267
95.08907874315071
126.54786301755337
68.09851881120082
56.47910043296108
74.37263356318171
76.44900517646516
76.71795819814312
71.54833378901986
117.13891987641848
63.11856112910358
111.81299747273924
101.33132059024607
59.71344945285304
91.20708146727635
43.1886332481372
136.22370116753785
121.46916754254069
129.69137430394946
38.9733972282264
65.10037869324503
72.32891921953421
80.28138508869841
78.79541130104256
46.47979271309416
106.42321194537027
70.28348116903791
56.67336887672367
50.50878782506885
102.24427721579477
93.81109793771726
59.64356738462194
121.68649406344144
108.16609075474537
110.00673874380695
52.81575023717912
102.79804609403507
124.76755982001997
113.50457768151995
24.095101642635342
48.152518103043434
133.96813928034976
65.11906979700804
36.72735260638313
65.14337655861907
71.04318683567894
151.53585446073873
96.53997859088193
95.70691618988181
46.61906195225249
41.1427080635152
61.16078737879946
27.967602058741196
91.22927924119853
89.54966484234455
74.27129669271994
56.96621212263835
127.71710521202058
63.616595827975615
41.41987572798522
124.36685615733266
77.71183687453231
94.66956456531865
133.70886621736088
92.58240301512724
32.57379243008289
39.51197652579668
104.84175895285725
137.64995727855003
54.972924161006695
28.60873431583545
103.32412887540816
89.94700605447233
129.83166104977366
61.92541425758233
111.11862924187244
130.14177215319364
86.06636637023765
50.08587066557379
60.65010719389135
115.02218816686704
108.80583223448474
43.20216853696661
68.71401113998141
104.27981809023862
32.02418025204461
118.04569271901045
57.88016522545072
46.32307525150536
93.23592068539058
119.20074573048497
48.513240727462815
86.19500829934172
118.8286308665424
53.443724913317816
137.31632588516734
95.68194715068697
83.6479231762883
107.27971293788625
114.39196781988818
114.37848337770764
46.57073038312024
73.03270721525455
32.516191659135735
127.32180151916393
52.40280039500341
112.64345650970922
138.2026782575423
104.8352649437337
43.24753771570228
176.9540725811861
96.13595135480534
64.12839400640073
101.35982996888882
49.09814472039482
63.858597789679294
39.173656713592166
124.84533268481775
83.02751340799453
120.90044145752034
53.256017562403386
62.21891628867198
34.52380746624432
97.07154778776773
100.48841125187282
113.54959213568057
107.1239960280589
21.99341367568044
107.4793097659481
133.04873485712272
142.4756708864614
73.33396382382784
123.8351695253789
44.83550136417596
116.52047511806482
31.877702891113657
120.73768368344524
82.42799239720956
118.45848419331982
43.124054766161244
70.87428749536001
94.64159663881564
31.313616018200943
50.1118104263465
54.30430817573405
22.37134262598
58.235763109296
78.61442935569855
29.955492534047746
123.99878002973556
120.78560838848155
116.09243348540554
86.10542778221694
52.37941424856254
112.00745155999469
29.35195751217749
95.21490808846988
114.31544369914315
110.63270909758204
73.19117427018284
95.03264125280728
41.947014844194904
65.26016617367998
117.74437331895159
72.8708547388143
76.89615760452666
25.667179491984328
115.03910606574523
33.86592842452183
54.27973217858297
