14
124
79
60
81
58
42
52
128
93
135
137
131
75
61
121
143
86
122
95
140
56
137
127
116
140
144
45
145
65
67
69
107
137
66
125
112
86
86
112
104
123
144
71
130
47
71
145
123
74
132
139
89
130
130
101
139
120
83
147
120
83
62
104
36
74
47
123
67
120
112
57
115
91
78
118
100
111
141
139
139
103
122
86
106
105
138
67
138
100
79
100
132
51
106
137
61
106
139
116
117
85
59
145
137
42
96
138
62
50
81
40
127
134
95
95
138
64
38
89
145
79
133
114
90
117
113
77
101
137
123
37
132
137
42
146
82
113
161
102
132
139
81
115
59
65
46
117
59
113
121
75
70
137
112
115
110
96
133
109
99
132
123
134
50
132
47
78
73
132
112
136
111
102
127
138
119
94
61
92
133
67
93
54
120
140
65
103
122
96
121
131
109
82
121
132
108
151
135
105
91
69
96
138
134
76
75
35
139
82
140
92
125
126
137
143
142
103
32
74
73
96
42
146
110
58
140
131
79
43
128
97
64
124
49
60
75
90
118
136
55
146
73
140
97
142
150
140
106
83
135
112
64
146
50
132
90
114
130
89
121
121
105
82
102
146
65
70
135
137
98
96
41
86
83
92
93
120
100
134
111
102
87
80
147
90
82
146
110
125
146
110
105
140
82
124
70
108
90
135
83
101
80
63
99
125
92
128
69
140
134
125
82
102
73
105
134
119
105
132
127
131
127
82
81
97
75
92
138
81
131
139
136
74
67
138
302
139
59
86
97
101
131
136
146
36
95
38
91
93
139
143
73
138
134
93
69
140
138
94
121
80
89
145
104
27
140
115
114
106
133
120
57
142
99
139
132
86
78
47
138
68
138
82
65
94
139
124
72
142
49
62
121
131
42
143
135
126
86
62
138
91
81
111
76
51
92
77
57
129
139
68
82
112
71
48
62
131
95
139
110
107
71
79
136
120
125
68
137
97
144
121
123
103
107
155
46
140
59
30
135
131
100
136
113
89
103
120
122
108
127
105
90
44
141
107
84
128
111
72
140
141
138
106
133
138
94
79
132
91
72
129
67
126
137
110
106
136
134
145
113
30
86
102
76
140
61
139
129
146
105
110
132
124
80
142
83
148
145
134
128
95
146
110
109
139
137
80
117
130
94
127
124
137
137
118
82
140
147
68
103
124
81
128
120
136
137
109
113
140
134
68
135
135
116
109
54
147
64
113
109
64
140
136
83
127
127
141
98
128
90
93
163
123
88
60
52
144
131
118
41
79
121
141
126
135
133
152
141
50
70
56
140
129
98
81
120
74
67
142
74
80
122
119
145
84
119
67
112
83
107
145
101
134
76
137
110
127
112
111
134
146
104
139
85
86
86
83
143
106
141
49
128
53
134
103
62
142
126
61
128
65
81
59
126
150
97
108
140
84
102
135
87
97
102
132
128
105
139
76
136
124
85
83
98
87
140
55
124
114
68
96
143
88
126
138
94
110
90
117
135
88
135
53
123
140
39
120
30
139
82
46
105
139
141
53
112
136
86
48
112
97
49
119
57
129
128
130
134
117
94
107
118
42
139
56
93
134
61
75
78
70
134
133
137
34
146
135
89
133
146
107
98
136
129
113
139
128
159
207
108
67
139
143
134
136
92
111
101
91
138
69
121
130
85
116
116
127
92
133
72
102
77
126
108
118
138
102
130
137
146
137
124
91
100
78
107
130
74
82
123
138
144
94
129
122
120
146
127
139
67
125
110
77
132
37
74
137
127
136
87
122
133
130
124
148
139
103
88
90
114
46
79
128
130
75
70
144
138
89
77
121
122
58
59
120
70
136
38
123
68
114
101
117
103
94
41
140
96
121
74
68
84
114
58
138
115
80
116
133
140
53
57
88
90
71
109
93
78
37
104
109
83
110
103
53
134
138
102
112
59
137
63
67
118
17
78
136
145
91
139
86
138
138
125
115
41
98
143
60
109
147
140
90
122
89
75
105
86
135
74
74
145
81
99
133
34
57
113
82
115
94
63
113
83
15
129
134
68
126
71
24
145
76
130
105
95
83
105
130
75
125
133
176
139
118
108
47
57
162
86
137
134
126
137
91
140
86
139
107
146
139
60
106
101
60
125
73
118
123
113
117
136
139
107
130
71
97
89
135
59
137
84
135
42
131
130
123
55
49
139
132
128
81
108
132
102
140
139
114
109
79
139
72
137
100
66
74
133
124
19
96
88
115
94
108
93
145
53
41
57
63
75
79
117
140
109
88
159
75
95
54
113
94
55
44
160
58
91
92
88
44
134
90
103
97
59
118
84
136
80
138
112
71
106
79
156
119
79
117
43
95
125
52
112
139
140
135
108
55
56
90
139
95
113
172
50
110
109
61
135
68
134
46
136
53
85
118
47
145
70
65
116
134
92
129
88
79
73
105
151
108
79
133
80
115
57
68
60
76
76
138
52
56
79
33
90
57
105
137
140
87
135
57
190
115
147
140
146
79
54
37
133
137
145
64
103
100
144
76
65
133
135
79
108
66
69
108
114
82
93
152
48
107
80
138
62
153
135
142
77
97
81
83
90
82
72
60
110
51
84
90
145
113
128
139
53
135
118
113
113
129
102
73
139
80
90
146
134
150
61
126
40
82
32
71
71
54
128
52
136
132
128
73
30
41
138
97
88
147
137
98
119
138
67
137
114
126
56
82
125
146
53
44
140
131
46
78
62
142
139
139
103
64
68
127
84
84
47
101
68
96
77
65
82
64
136
62
144
66
110
117
146
63
136
85
114
98
156
119
139
120
137
114
121
110
146
86
111
74
72
140
146
114
152
166
139
59
146
138
146
65
99
138
133
107
135
42
135
98
95
146
57
129
117
84
96
145
139
110
75
146
78
139
58
117
108
141
151
146
146
131
151
97
145
123
103
146
146
134
114
139
123
70
122
138
41
146
135
106
136
54
28
126
118
125
128
105
124
118
78
125
146
79
121
110
99
48
146
156
115
138
134
149
135
120
138
97
81
78
111
76
68
132
115
31
52
115
116
79
153
109
140
70
146
139
155
97
93
137
66
146
63
85
118
122
120
85
85
74
134
58
134
73
145
93
73
85
39
68
135
135
67
107
83
114
115
76
146
103
97
115
144
136
124
90
80
145
136
63
40
141
121
86
74
112
115
140
141
79
126
109
123
138
60
145
146
45
134
67
147
91
58
101
74
148
140
103
106
140
81
110
70
109
61
135
135
68
134
46
136
53
85
118
47
145
70
65
116
134
92
129
88
79
73
105
151
108
79
133
80
115
57
68
60
76
76
138
52
56
79
33
90
57
105
137
140
87
135
57
190
115
147
140
146
79
54
37
133
137
145
64
103
100
144
76
65
133
135
108
66
69
108
82
93
152
48
107
80
138
62
135
77
90
72
60
51
90
145
139
113
139
90
146
134
61
82
32
71
71
54
128
52
136
132
128
73
30
41
138
97
88
119
67
137
114
126
56
82
125
53
44
140
131
46
78
62
142
139
139
64
127
84
101
96
77
65
82
64
136
62
144
66
110
146
63
136
85
114
98
119
137
114
121
110
86
72
140
114
152
166
139
59
138
65
99
138
107
135
42
135
98
95
57
129
117
84
145
75
146
78
58
108
141
151
151
97
123
103
146
134
114
123
70
122
138
41
135
54
126
118
125
128
105
124
118
125
79
121
99
48
115
134
135
120
138
78
111
76
68
115
52
115
116
109
140
70
97
137
63
118
120
85
134
73
145
93
73
39
68
135
67
107
114
115
76
146
103
97
115
144
124
90
80
145
63
40
141
121
112
141
79
123
138
145
45
67
147
91
74
148
140
103
106
88
49
81
130
72
63
54
109
129
51
69
63
79
108
115
73
112
115
96
115
134
167
134
54
79
140
132
114
125
142
108
86
114
132
57
101
105
122
145
193
100
115
135
52
61
150
83
68
79
103
112
59
65
142
104
113
104
70
41
85
66
117
42
86
41
97
97
117
109
111
113
74
41
137
61
143
119
130
62
130
94
64
146
129
90
140
69
15
107
63
138
133
87
93
135
114
143
138
106
146
90
136
59
158
76
40
147
45
125
123
56
68
82
51
96
105
122
278
111
145
114
88
74
146
100
82
132
111
117
173
41
72
87
84
84
79
74
115
73
88
113
129
51
127
126
102
118
78
106
104
109
136
124
50
146
126
67
100
58
128
89
125
64
143
144
140
114
70
141
91
95
69
143
43
66
45
69
137
94
100
147
138
58
138
103
138
101
153
131
127
98
56
83
137
129
79
51
104
136
111
148
115
33
87
140
99
97
134
134
58
118
53
123
148
132
131
105
111
49
139
108
146
117
126
45
75
44
81
148
98
74
111
140
69
78
106
111
97
86
146
134
183
94
143
129
108
141
59
50
142
191
76
134
88
79
124
145
123
111
135
141
149
138
62
140
87
177
140
122
116
136
158
91
95
130
86
136
139
101
136
136
122
131
121
94
140
143
177
54
124
82
136
139
57
172
125
93
138
139
128
108
121
129
70
41
114
108
141
94
95
81
134
107
92
111
113
137
81
138
94
62
37
65
77
72
61
113
78
238
41
83
134
101
86
145
80
51
52
71
76
111
49
113
128
39
77
108
63
78
108
105
74
139
136
67
54
142
115
128
117
93
85
95
92
122
127
49
108
93
139
121
65
60
113
131
72
67
98
79
136
117
119
66
72
83
104
115
71
113
140
91
77
85
81
127
85
146
72
119
108
94
135
49
140
128
138
53
70
79
94
105
46
102
85
118
72
104
84
84
129
120
138
61
165
122
120
34
45
145
80
44
76
107
140
92
137
46
48
71
32
127
128
89
56
132
76
51
139
83
116
136
94
49
53
111
138
64
32
122
101
134
59
140
138
93
67
66
132
109
46
84
105
44
129
62
53
134
138
60
91
131
63
131
93
88
116
110
106
63
85
50
137
49
104
139
117
47
151
102
67
124
50
66
51
137
91
139
62
74
44
114
105
137
140
32
90
138
132
62
135
43
140
51
119
78
129
54
122
108
41
55
80
29
79
69
43
140
134
143
106
64
114
49
108
140
127
73
95
55
72
110
92
92
48
146
57
70
